2,6,5,1
0.9
SIGMOID,SIGMOID,SIGMOID
2.081048234686078,2.0360621147631397,-3.405428233682959
-0.9455529266629968,5.204712639653,0.06943237310210107
4.490472287102289,-0.5423078622731946,0.5456919546679395
2.8897225068169674,0.46907905716233717,-0.36693562278460734
0.12293374697457002,-0.041806218398089456,0.5982735770339989
2.6399774665839457,2.602007465678935,-4.804149872442991
0.9558689633408441,1.5746166649389766,1.2412155950832842,1.2678350210344445,0.16490833923952078,0.6507012329426624,-2.5419124524770256
1.5551658158775852,2.709008148709799,3.064997530643252,1.7273482424578104,-0.23881457862990418,1.3666363238780588,-5.151750842261112
2.5546587506975125,1.44280207879529,0.4865136784368654,0.8720653245977433,-0.5458460151659286,3.3095653514948014,-6.410403617623549
1.6267554288844837,1.3792382041223097,0.758706570881642,0.8441210278300056,-0.2719997285755827,2.0818538896689045,-5.769742617722592
0.5823895946335829,1.9516370071097053,1.2389034533066567,1.4263842444465513,0.13084863478421718,1.0153397159236348,-2.8561357012395856
2.005449140636276,4.07893446223367,4.021391645596758,3.214672540123403,2.2599906913617693,-8.318791523791223