4,6,3
0.3
SIGMOID,SIGMOID
0.25024699205434503,-1.6576057108653706,2.383742829200977,2.735075743611722,-1.8001447852827162
2.432008501930655,-2.6835409714443306,4.937330304063587,4.548221557979683,-1.8975451335615139
0.5892983410597233,-0.23581545186701944,1.1695979102721186,1.1492049971982343,-0.9359883475302324
0.17651730542781363,-0.2560344200816336,1.0855613568377946,2.1501533439877285,-2.6621181109988648
0.5892512789357329,-1.730352195983509,3.721006164104953,4.7884302325125345,-5.7200619594028925
0.45442276341015253,-1.370601354614348,4.785167614698408,5.730346331851275,-7.1359527532051725
-3.26767708430919,-4.435736203576728,-0.9339914820217267,-0.4205370996566796,-2.567282595474983,-2.3800974488746727,4.19002571918487
0.778049659176608,6.602554003024468,0.40540748201792154,-0.8224617253224363,-3.4449190515196797,-5.018612188290387,-3.3517684226657627
3.1375950456990833,1.9759334634167656,0.551435609044552,1.8687062264259118,3.9651879873204954,4.131266682587293,-9.120180472113223